0000000000000000110000000000111111110000000000000000000000001001
0000000000000000011111001111101001000000000000000000000000000010
0000000000000000001001111001001001111000000000000000000000001100
0000000000000000101000101101111111000000000000000000000000001000
0000000000000000011011110110000010010100000000000000000000010000
0011110000000000010010011010000010001000000000111100000000100000
0110010000000000000010100010000000011110000001100111000000000000
0100010000000000000011100010000000000000000011000011100000000000
0100010000000000000010011111100000000000000010000001111000000000
0100010000000000000000000100110000000000000010000000100000000000
1100010000000000000000000100011000000000000010000001100000000000
1000010000000000000000000100001000000000000010000001000000000001
0000010000000000000000000100001000000000000010000001000000000001
0000010000000000000000001111001100000000000010000001000000000001
0000010000000000100000111001100100000000000010000001000000000011
0000010000000000100001101000110110000000000010000001000000000010
0000010000000000100001000000011011000000000010000001000000000010
0000010000000000100000000000001111110000000010000011000000000010
0000010000000000100000000000011100111110000010001110000000000110
0000010000000000100010111111110100100011000011111011000000000100
0000010000000000100001100100100100100001111111001001000000000100
0000010000000000100001011100100100100000100101101000000000000100
0000010000000000111100101100100000100001110110100010000000001100
0000010000000000010001110100000000000001011010000100000000001000
0000010000000000010010011100000000000001001000111000000000001000
0000010000000000011100010000000000000001000001110000000000001000
0000010000000000010010010000000000000001000000100000000000001000
0000010000000000010001000000100000000011000001000000010000011000
0000010000000000010000000000000000001110000000000000010000010000
0000010000000000010010000000000001111011000000000000011000010000
0000010000000000000000000000000011000001111100100000001100010000
0000010000000000101000000000000110000011100000100000000110010000
0000010000000000110000000000001100000010100000100000000011110000
0000010000000000001000000000011000100010000000100000000000100000
0000010000000000000000000000110100110010001000100000000000100000
0000010000001100100001000001100100010010000000100000000000100000
0000010000000100000011000011000100010010000000100000000000100000
0000010000010000000000000010000100011111000000100000000000100000
0000010000010000100000100110011111110001100000010000000000100000
0000010000010000000000000100000001000000100000010000000011100000
0000010000000010100000011000000001000100100000010000001110110000
0000010000000000000000010000000001000100100000010000011000011000
0000010000000000010001010000000011111100100000010000110000001000
0000010000000000010011000000000010000111100000010000100000001000
0000010000100000010110000000000010000010100000011000100000001000
0000010000000001001001000000000010000010000000001100100000001000
0000010000000000000010000000000011000010000000000111110000011100
0000010000000000100000000000000001111110000000001100011000010100
0000011000000000000000000000000000001000000000011000001000010000
0000001110000000000110000000000111001000000000010000000000110000
1000001001000001000010000000000001101000000000010000000001100000
1100001000000000000000000000000000111000000000011000000001100000
0110001100000000000100000000000000001000000000001000000001000000
0010001000000000000010000000000000001000000000001110000011000000
0010001110000100000000100000000000001100000000000100011010000000
0010001000000000000111000000000000000100000000000100001110000000
0010001000000000000000000000100000000110000000000111000110000000
0010001100000000000000100000000000000010000000000001000100000000
0010001000000000001000000000000000001111000000000001111100000000
0010001000000000000000000000000000011001110000000000001000000000
0010001000000000000010000000000000110000011000000000011000000000
0010001000000000000000000000000011100000001110000000010000000000
0010001000000000000000000000100110000000000011100000000000000000
0010001000000000100000000000011100000000000000100000000000000000
